RJ:
	CSV:
		#RF
			r_mae_rf: 0.205428927751539
			r_mse_rf: 215016877707.98657
			r_msle_rf: 0.10692720057272556
			r_r2_rf: 0.6804632041081922
		#SVM
			r_mae_svm: 0.5466661666666668
			r_mse_svm: 988329178048.1204
			r_msle_svm: 0.6825263718004543
			r_r2_svm: -7.292582163213359e+31
		#XGB
			r_mae_xgb: 0.20117966549295774
			r_mse_xgb: 214588910630.0311
			r_msle_xgb: 0.10560317745044574
			r_r2_xgb: 0.6788315627619737

SP:	
	CSV:
		#RF
			r_mae_rf: 0.27362490556800795
			r_mse_rf: 274169423129.47708
			r_msle_rf: 0.1630494715729903
			r_r2_rf: 0.4680301970838745	
		#SVM
			r_mae_svm: 0.4827956989247312
			r_mse_svm: 869756912001.8468
			r_msle_svm: 0.5402955065760712
			r_r2_svm: 0.0
		#XGB
			r_mae_xgb: 0.18988070469798657
			r_mse_xgb: 171068578287.6854
			r_msle_xgb: 0.09275308094810306
			r_r2_xgb: 0.6984930675962095
	
POA:
	CSV:
		#RF
			r_mae_rf: 0.2493014629475987
			r_mse_rf: 69506781131.60104
			r_msle_rf: 0.1205881964834086
			r_r2_rf: 0.5848079216263788
		#SVM	
			r_mae_svm: 0.4737205827067669
			r_mse_svm: 267286361734.3292
			r_msle_svm: 0.4724743929667532
			r_r2_svm: -1.9722252437224498e+31
		#XGB	
			r_mae_xgb: 0.22780816525604872
			r_mse_xgb: 58387245942.84486
			r_msle_xgb: 0.10042869424927142
			r_r2_xgb: 0.6834448910412345
	
	
	
	
	
	
	
	
	
